-5 5 2 2.538660614919312e+00 6.180315239347229e-01 4.474884039254260e+00 1.852095864612398e+00 -5.296071695960226e+00 4.375485051732461e+00 -2.719493658364614e+00 2.733286616775423e+00 
-5 5 4 5.380179688874338e-01 6.570908182892863e-01 -1.400927398156609e-01 1.089289000650183e+00 3.205541496929939e+00 1.043072304676059e+00 4.782549157858921e+00 2.048188188963236e+00 
-5 5 8 -1.018002005260944e+00 1.648830066634693e+00 -1.542290243323304e+00 1.982988516892942e+00 1.056691293603560e+00 3.265110688408173e-01 -4.661290624848465e-02 1.029709032900666e+00 
-5 5 16 -2.388474845540866e-01 1.152230966656135e+00 1.806323234174843e-02 9.884872837348386e-01 -1.277720178829896e+00 1.814363099960879e+00 -1.646313808367641e+00 2.049288599103483e+00 
-5 5 32 9.377427045282581e-01 4.023237102472040e-01 1.328535705885814e+00 1.532492999800058e-01 -6.310442142482015e-01 1.402200052125778e+00 -6.930159922785598e-02 1.044169815985161e+00 
-5 5 64 1.203633402929576e+00 2.328565788764255e-01 1.291561771561737e+00 1.768148726873880e-01 8.491124717278188e-01 4.588127540374636e-01 1.331000634840753e+00 1.516782617995137e-01 
-5 5 128 1.237030191659138e+00 2.115709227138602e-01 1.247811522484853e+00 2.046993727936163e-01 1.192501140019722e+00 2.399517975972806e-01 1.294478454833530e+00 1.749559060136394e-01 
-5 5 256 1.510909595341642e+00 3.701213911339085e-02 1.602027263860405e+00 2.106228768645901e-02 1.145737057098304e+00 2.697571839140167e-01 1.224197139726482e+00 2.197501501589547e-01 
-5 5 512 1.565066864525301e+00 2.494658409431305e-03 1.583031554565487e+00 8.955251291736133e-03 1.492857172280422e+00 4.851796601471059e-02 1.603293644480066e+00 2.186942344610698e-02 
-5 5 1024 1.568158135134738e+00 5.244173832431587e-04 1.569144692160706e+00 1.043710254138297e-04 1.564036440988822e+00 3.151405418160724e-03 1.583957345392472e+00 9.545309976157768e-03 
-5 5 2048 1.568797810885207e+00 1.167159664910988e-04 1.568989102880104e+00 5.205205720670847e-06 1.567944909884582e+00 6.603178554940303e-04 1.569155064779413e+00 1.109820800599959e-04 
-5 5 4096 1.568943743654796e+00 2.370478564150957e-05 1.568981421283688e+00 3.092912839175455e-07 1.568749166628678e+00 1.477196934409619e-04 1.568989614986531e+00 5.531600016484006e-06 
-5 5 8192 1.568975772876266e+00 3.290757188856297e-06 1.568980965969612e+00 1.909395530574898e-08 1.568933067247640e+00 3.050946179239400e-05 1.568981451637960e+00 3.286377723288325e-07 
-5 5 16384 1.568981702870416e+00 4.887623796800966e-07 1.568980937878221e+00 1.189728537909218e-09 1.568973796211549e+00 4.550597045072102e-06 1.568980967842371e+00 2.028757029037820e-08 
-5 5 32768 1.568982155935046e+00 7.775260091325009e-07 1.568980936128140e+00 7.430300819066815e-11 1.568981551848873e+00 3.925078366773249e-07 1.568980937994894e+00 1.264090165875587e-09 
-5 5 65536 1.568981755058567e+00 5.220248304738107e-07 1.568980936018849e+00 4.645617224241505e-12 1.568982289560539e+00 8.626930687594125e-07 1.568980936135426e+00 7.894684905807026e-11 
-5 5 131072 1.568981397804011e+00 2.943263621713044e-07 1.568980936012024e+00 2.955413691552167e-13 1.568981874143419e+00 5.979243198339645e-07 1.568980936019304e+00 4.935607478273596e-12 
-5 5 262144 1.568981179974896e+00 1.554915869395046e-07 1.568980936011572e+00 7.549516567451064e-15 1.568981470413717e+00 3.406046207299340e-07 1.568980936012054e+00 3.148592497836944e-13 
-5 5 524288 1.568981061259963e+00 7.982786787152918e-08 1.568980936011575e+00 9.547918011776346e-15 1.568981219546540e+00 1.807128267028446e-07 1.568980936011572e+00 7.327471962526033e-15 
-5 5 1048576 1.568980999452468e+00 4.043446688584140e-08 1.568980936011491e+00 4.385380947269368e-14 1.568981081862461e+00 9.295900160743997e-08 1.568980936011581e+00 1.310063169057685e-14 
