1.2345 1e-20 0 0 1 11 1 
1.2345 1e-19 0 0 1 11 1 
1.2345 1e-18 0 0 1 11 1 
1.2345 1e-17 0 0 1 11 1 
1.2345 1e-16 0 0 1 11 1 
1.2345 1e-15 0.111022 0.111022 0.0389511 0.03895111.96105 0.0389511 
1.2345 1e-14 0.111022 0.116573 0.0389511 0.009101350.0389511 0.0731713 
1.2345 1e-13 0.115463 0.115463 0.000509142 0.0005091420.000509142 0.000509142 
1.2345 1e-12 0.115463 0.115519 0.000509142 2.8618e-050.000509142 0.000612081 
1.2345 1e-11 0.115519 0.115524 2.8618e-05 1.94345e-050.000220828 4.46354e-05 
1.2345 1e-10 0.115522 0.115522 2.13514e-07 2.13514e-071.90075e-05 2.13514e-07 
1.2345 1e-09 0.115522 0.115522 2.13514e-07 2.13514e-072.13514e-07 2.13514e-07 
1.2345 1e-08 0.115522 0.115522 2.6701e-07 2.13044e-087.48005e-08 2.13044e-08 
1.2345 1e-07 0.115522 0.115522 2.59275e-06 2.08343e-091.71375e-08 2.08343e-09 
1.2345 1e-06 0.115519 0.115522 2.5951e-05 3.19191e-107.99715e-10 3.21509e-10 
1.2345 1e-05 0.115492 0.115522 0.000259507 2.19324e-091.21849e-09 4.92113e-11 
1.2345 0.0001 0.115222 0.115522 0.00259527 2.23648e-071.11797e-07 5.24825e-12 
1.2345 0.001 0.112522 0.115519 0.0259729 2.23651e-051.11767e-05 5.24825e-12 
1.2345 0.01 0.085286 0.115264 0.261733 0.00223630.00111219 5.37499e-08 
1.2345 0.1 -0.208935 0.0899334 2.80861 0.2215040.103971 0.000536688 
